[gd_scene format=3 uid="uid://b3s2wqci2m81v"]

[ext_resource type="Script" uid="uid://3psqgxv6e2ys" path="res://scripts/match/match.gd" id="1_main"]
[ext_resource type="Script" uid="uid://xoynnrvxuq2p" path="res://scripts/world/camera/rts_camera.gd" id="2_camera"]
[ext_resource type="PackedScene" path="res://assets/converted/maps/#M25 GM Aprit Chard S 2/terrain.tscn" id="4_map"]
[ext_resource type="Resource" uid="uid://nj40xd0p0abq" path="res://configs/camera/rts_camera_config.tres" id="6_camera_config"]
[ext_resource type="PackedScene" path="res://scenes/units/at_mongoose.tscn" id="7_nxa0e"]
[ext_resource type="PackedScene" path="res://scenes/ui/side_panel.tscn" id="10_side_panel"]
[ext_resource type="Script" uid="uid://c3sursjoim88" path="res://scripts/ui/selection_rectangle.gd" id="12_selection_rectangle"]

[sub_resource type="Environment" id="Environment_main"]
background_mode = 1
background_color = Color(0.035, 0.045, 0.06, 1)
ambient_light_source = 2
ambient_light_color = Color(0.55, 0.62, 0.72, 1)
ambient_light_energy = 0.65

[node name="Main" type="Node3D" unique_id=1610428844]
script = ExtResource("1_main")

[node name="WorldEnvironment" type="WorldEnvironment" parent="." unique_id=615837895]
environment = SubResource("Environment_main")

[node name="Sun" type="DirectionalLight3D" parent="." unique_id=2142863009]
transform = Transform3D(-0.81912595, -0.46525958, 0.33550858, -0.006529077, -0.57730323, -0.81650376, 0.57357645, -0.6710101, 0.46984637, 126.61876, 9.604663, 22.207596)
light_energy = 0.2
shadow_enabled = true
directional_shadow_max_distance = 500.0

[node name="CameraRig" type="Node3D" parent="." unique_id=184942209]
transform = Transform3D(0.8660254, 0, 0.5, 0, 1, 0, -0.5, 0, 0.8660254, 0, 0, 8)
script = ExtResource("2_camera")
config = ExtResource("6_camera_config")

[node name="Camera3D" type="Camera3D" parent="CameraRig" unique_id=926810768]
transform = Transform3D(0.53517365, -0.7315681, 0.42237103, 0, 0.49999997, 0.86602545, -0.84474206, -0.46347398, 0.26758683, 155.57027, 118.05831, 44.225647)
current = true
fov = 12.2
far = 500.0

[node name="Terrain" parent="." unique_id=1242358657 instance=ExtResource("4_map")]
metadata/_edit_lock_ = true

[node name="Buildings" type="Node3D" parent="." unique_id=251147608]

[node name="Units" type="Node3D" parent="." unique_id=21881757]

[node name="ATMongoose" parent="Units" unique_id=1780156039 instance=ExtResource("7_nxa0e")]
transform = Transform3D(1, 0, 0, 0, 1, 0, 0, 0, 1, 245.8526, 8.723818, 128.19543)
owner_player_id = 1

[node name="HUD" type="CanvasLayer" parent="." unique_id=1178120540]

[node name="Help" type="Label" parent="HUD" unique_id=1755436348]
offset_left = 16.0
offset_top = 16.0
offset_right = 640.0
offset_bottom = 44.0
text = "Q/E: rotate | F3: debug layers | F7: save start | Shift+F7: reset start"

[node name="SelectionRectangle" type="Control" parent="HUD" unique_id=437630124]
layout_mode = 3
anchors_preset = 15
anchor_right = 1.0
anchor_bottom = 1.0
grow_horizontal = 2
grow_vertical = 2
mouse_filter = 2
script = ExtResource("12_selection_rectangle")

[node name="Selection" type="Label" parent="HUD" unique_id=404881697]
offset_left = 16.0
offset_top = 46.0
offset_right = 360.0
offset_bottom = 74.0
text = "No entity selected"

[node name="FPS" type="Label" parent="HUD" unique_id=1283044958]
anchors_preset = 1
anchor_left = 1.0
anchor_right = 1.0
offset_left = -424.0
offset_top = 16.0
offset_right = -296.0
offset_bottom = 44.0
text = "FPS: --"
horizontal_alignment = 2

[node name="SidePanel" parent="HUD" unique_id=1902101368 instance=ExtResource("10_side_panel")]
layout_mode = 3
